0.6399773
1.557324
2.090658
2.623991
3.135986
3.66932
4.202653
4.735986
5.247982
5.781315
6.314649
6.847982
7.359977
7.893311
8.426644
8.959977
9.471995
10.02664
10.53866
11.072
11.58399
12.11732
12.65066
13.18399
13.69599
14.22932
14.76265
15.29599
15.80798
16.34131
16.87465
17.40798
17.91998
18.45331
18.98664
19.51998
20.032
20.56533
21.09866
21.632
22.14399
22.67732
23.21066
23.74399
24.25599
24.78932
25.30132
25.85599
26.36798
26.90132
27.41331
27.96798
28.47998
29.01331
29.54664
30.07998
30.592
31.12533
31.65866
32.19199
32.70399
33.23732
33.77066
34.30399
34.81599
35.34932
35.88265
36.41599
36.92798
37.46132
37.99465
38.52798
39.03998
39.59465
40.10664
40.61866
41.152
41.70664
42.21866
42.752
43.26399
43.79733
44.33066
44.88533
45.39732
45.90932
46.44265
47.48798
48.02132
48.55465
49.08798
49.59998
50.13331
50.64533
51.19998
51.71199
52.26664
52.77866
53.82399
54.37866
54.89066
55.44533
55.95732
56.46932
57.00265
58.04798
58.58131
59.11465
59.64798
60.15998
60.71465
61.22664
61.75998
62.272
62.80533
63.33866
63.87199
64.38399
64.91733
65.45066
65.98399
66.49599
67.05066
67.56265
68.09599
68.60798
69.16265
69.67465
70.20798
70.71998
71.25331
71.78664
72.31998
72.83199
73.36533
73.89866
74.432
74.94399
75.49866
76.01066
76.54399
77.05598
77.61066
78.12265
78.65598
79.16798
79.72266
80.23465
80.76798
81.27998
81.83465
82.34664
82.87997
83.392
83.94665
84.45866
84.992
85.50399
86.05866
86.57066
87.61599
88.17065
88.68266
89.72798
90.28265
90.79465
91.86131
92.39465
92.90665
93.43998
93.952
94.50665
95.01866
96.06399
96.61866
97.13066
97.68533
98.19733
98.73066
99.24265
99.79733
100.3093
100.8427
101.3546
101.9093
102.4213
102.9547
103.4666
104.512
105.0666
105.5787
106.6453
107.1787
107.6907
108.224
108.7573
109.2907
109.8027
110.336
110.8693
111.4027
111.9146
112.96
113.5146
114.0266
115.0933
115.6266
116.1387
117.2053
117.7387
118.2507
118.8053
119.3173
119.8507
120.3627
120.896
121.4293
121.9627
122.4746
123.008
123.52
124.0746
124.5866
125.12
125.632
126.1866
126.6987
127.2533
127.7653
128.2987
128.8107
129.344
129.8773
130.4107
130.9227
131.4773
131.9893
132.5227
133.0347
133.568
134.1013
134.6346
135.1466
135.7013
136.2133
136.7466
137.2587
137.792
138.304
138.8373
139.3493
139.904
140.416
140.9493
141.4827
142.016
142.528
143.0613
143.5947
144.128
144.64
145.1946
145.7066
146.24
146.752
147.2853
147.8187
148.352
148.864
149.3973
149.9307
150.464
150.976
151.5093
152.0426
152.576
153.088
153.6213
154.1546
154.688
155.2213
155.7547
156.2666
156.8
157.312
157.8666
158.3787
158.912
159.424
159.9787
160.4907
161.0453
161.5573
162.0907
162.6026
163.648
164.2027
164.7146
165.2693
165.7813
166.3147
166.8266
167.3813
167.8933
168.4053
168.9387
169.472
169.984
170.5387
171.0507
172.096
172.6293
173.1627
173.7173
174.2293
174.7626
175.2746
175.808
176.32
176.8533
177.3866
177.9413
178.4533
178.9866
179.4987
180.032
180.544
181.0773
181.6107
182.1653
182.6773
183.2107
183.7227
184.256
184.7893
185.3013
185.8347
186.368
186.88
187.4346
187.9466
188.992
189.5253
190.0587
190.6133
191.1253
191.6373
192.1707
192.704
193.216
193.7707
194.2827
194.8373
195.3493
195.8827
196.3947
197.4613
197.9946
198.5066
199.5733
200.128
200.64
201.6853
202.752
